camera_matrix:
- - 1511.4673031177672
  - 0.0
  - 971.1142051363014
- - 0.0
  - 1508.5991943555948
  - 534.914026866045
- - 0.0
  - 0.0
  - 1.0
dist_coeff:
- - 0.19164170605410683
  - -0.6316502385053393
  - -0.0036928179092364896
  - 0.003423298189203962
  - 0.6584384832216615
